697.65361646764961278677
682.81106873825444836257
689.61108176799950797431
707.34366895716857470688
686.11924416453894082224
687.22444062346085047466
706.80695935254300366068
707.59117258730873345485
695.87365847984005995386
690.21562320613338670228
690.94458732179703019938
683.47572917205638987070
706.71166552435158791923
695.63596883045897811826
706.76939124720649942901
707.28647928459974991711
708.19852132096980312781
708.12044872683691210113
703.02487463937677603099
684.95887929124819493154
699.65373218074307715142
707.08916276808702150447
707.68497466207281831885
661.61962944587469337421
668.18366727473755872779
692.97892410689757980435
706.76346995264623274124
687.77211445730154082412
708.38058182119584671455
692.23145111704366172489
