670.94638824318838032923
688.76776431605139805470
684.92858729740146372933
694.74244603794511476735
677.34764793607814681309
690.50873914596172653546
686.64449225147291144822
686.32147632838564277336
669.85766669795418692956
690.48413407979194289510
675.81939746353873488260
687.20579121699415736657
691.24071054488683785166
693.34173650463446847425
690.19713322692450674367
695.10205493007265431515
692.40937213865379362687
685.63970610077353740053
689.28512160992306689877
671.30902486625609526527
691.87295002935968568636
688.18906032042571041529
683.79234034242335837916
687.84419091006532198662
668.74392733917409259448
671.46591852179665238509
690.83424941194130042277
682.14268238068905247928
669.81037093846305197076
670.93907895375616590172
