701.80206043118016623339
684.90981616379656315985
682.34895573346761921130
699.18852110334671579039
691.72477792641677751817
701.87568679875505495147
693.27345240735905917973
700.64937345262990220363
700.98390846404913645529
697.02520925089663705876
686.69998192314699281269
695.57459756723289956426
695.21255501233360973856
682.62841334443567120616
687.42862827988983553951
695.96732529756127405562
698.20964001042386826157
695.40329230925260617369
689.14755668858049375558
678.42475149912957022025
695.41199102317921187932
690.47395233606266629067
697.70151198145799753547
681.61255043569644840318
691.85500278005179097818
689.80721356407559596846
694.78045550779404493369
684.12643143216871521872
688.56265176483395862306
686.50353867148805875331
