704.84602151753620091768
711.94969452597229064850
696.70364060454426180513
693.85824445949003802525
721.12613010004827174271
718.35051378949026457121
684.72678925134005112341
712.72587005394461812102
718.12537393334628177399
693.93601199718000316352
690.13020716939513476973
719.84448555928975110874
713.37569037305001984350
727.49617272347552443534
738.15073654133163927327
702.87873161394099952304
715.25253567939671484055
720.85874438973428368627
695.83619993512741075392
712.15680470216375397285
714.70135648683890394750
700.18082770743467335706
713.04159721723306120111
717.73681453851418154954
712.77216193853701042826
717.02456724410069455189
711.66561281197584776237
719.68283255629239647533
722.78262725553929612943
723.94466183444956186577
