730.38622203513966724131
739.89613228388907373301
702.75801960391231659742
715.85378388449646536174
707.52363335257189191907
733.81043127305611051270
724.57740552266011491156
715.97595819173250220047
721.88094296714245956537
855.36403518983752292115
731.43123208110705490981
713.10543906593818519468
834.00699488196630682069
700.67359187142994869646
713.91576227936502618832
718.29469413366041408153
745.22521664747841896315
711.05627573156834841939
740.54968761710529179254
723.25899532555501991737
698.92609472655556146492
735.66670330609463235305
708.84055705793264223757
692.28054328101700320985
836.24961062444060644339
739.61369775345269772515
735.74975784752928120724
844.63418909524102673458
715.10178987257143035094
714.23090056376383927272
