687.68952049595554854022
707.19878849654514851863
707.03175020577009490808
706.84216884940553882188
688.13350511505689155456
691.87036665041796368314
691.64227999481840925000
691.66068808384682142787
707.03386502271416702570
706.81309212450764789537
707.36863879389136400277
693.55820404320627403649
706.89120105460131071595
694.40880912544184866420
692.99033774054066725512
706.84676464055451106105
691.11675125421527354774
706.73026631531763541716
692.89459032799561555294
691.42994614641645512165
706.84786871380958928057
707.00732416028711213585
690.75869174020533591829
691.26034972163859038119
704.56732748799197452172
707.18313862188256280206
707.33819672979268489144
707.00677494182207283302
706.52610423676264872483
707.03948978472737962875
