684.56288941863795116660
685.02658301362498605158
691.52285786286029178882
679.59019530402520103962
678.78457452371071667585
693.66208912857234736293
684.69100941735769083607
694.80416897437464740506
694.37019687730071382248
676.96266522452776825958
679.70009180862643916043
694.32665514515724680678
695.30437719618396386068
691.19486929632489591313
694.31339571492549112008
694.31392633840414418955
691.97795601651148444944
689.85244461394995596493
694.36702813098963815719
693.87463566469341458287
695.83350480810611315974
690.79340316393802368111
696.50799592348312216927
691.50554065849951257405
693.38274952955305252544
695.08324111758224717050
694.50224311222495998663
691.67188169989515245106
692.70894189286718756193
691.19315495757052758563
