707.68504221887019411952
707.92603705930594060192
690.32496984595263711526
707.21027669881834754051
706.76890982302973043261
707.64165950651909042790
708.68422938395497112651
685.88800700024546586064
710.02246896677081622329
707.07632271265401868732
707.44145224421993134456
693.31350384560084876284
707.50665855409783944197
668.15606743369437481306
706.88392593542221220559
707.06831810660321480100
707.11476531388564126246
707.92881724337451032625
696.17830642878197977552
688.25832081940052376012
707.29537436450959830836
708.49627202266299264011
709.36030900028026735527
695.41760150491461445199
687.02818350562336036091
708.15566643568126892205
684.12337221974860312912
707.61886090559983131243
706.61791162812812672200
686.87763633293059228890
