691.03634409778010194714
693.45510214792886927171
693.32028185403669340303
693.32279501560469725518
693.78782806130391236366
692.00074676408883078693
694.05586057980394798506
707.45845987754307770956
697.12270502851367837138
693.93686706003302333556
707.37320589671617199201
690.50997903820541523601
695.91922721252274186554
691.77906084493463367835
691.75031418901198776439
707.31369597522041203774
694.24599826098506127892
686.74666772785258217482
691.30660293261894366879
692.72436096564865692926
707.32229258176869279851
690.95318333949592215504
707.48382730021785391727
693.62626883087636997516
693.80852993767155112437
691.76966012481648249377
707.29942564939824478643
691.21141868480617631576
694.66461302287461876404
693.11567719527272402047
