707.57564376491643542977
691.43800643951487927552
707.42598352916047588224
694.72135325109491077455
707.45093226985034107201
694.63216003125774022919
693.87215208932730092783
694.70864529650361873792
694.83853841561608533084
694.53763315505148057127
695.36569616401857274468
707.61867135333409351006
690.89962277299230208882
694.04362949079120426177
707.76526867533209497196
691.26720936723677368718
707.66404251532173930173
707.57639200133712620300
692.71042723100447346951
691.05175616003941740928
700.05639652327056410286
707.57792538401338333642
693.89244029507017330616
694.53531769397216066864
693.08029874457088226336
697.25105044164115497551
707.32168967903055545321
691.18299840051349747228
694.28427536217441229383
694.10463025253966407035
