688.11140363337551661971
680.83543441304675525316
694.11710236453973266180
694.11425017146348181996
691.14045996792856385582
684.69074048452898750838
694.49321312556685370510
696.81064430875471771287
685.34830178333186267992
694.48201110984859951714
691.49705155392473443499
677.67818642266979622946
685.55086686258187000931
695.90481599560257564008
695.96259754564869126625
695.73152893707742805418
691.58339393541325534898
695.06884530791046472586
694.77374038542870948731
690.58652047197347201291
675.46504280877388737281
694.38994591653670340747
686.85460350914343052864
689.41721987099413126998
685.41332702185502512293
695.05407257432773349137
691.61912780016029955732
674.14377803414788559166
697.56976867936646158341
678.12803024300421839143
