725.34113949482070893282
714.37477903172123205877
717.39294027849291524035
694.81518826177102710062
718.00771655499136159051
716.22457840557478903065
691.38904951100789730845
717.62941781179324607365
695.84278852171803464444
692.71238809792635038320
709.19160771031306467194
727.41191951356074696378
716.76279989942895554123
699.48706937708482200833
723.68028437029374799749
700.86903537471494018973
677.23952623609966394724
715.95673227586189568683
707.12973467047459052992
726.60046358739589322795
714.69293869618206826999
718.00001816100143514632
713.77516487396565025847
717.89050938709794991155
710.62732489809991420771
701.26678870397938680981
704.99252631043304972991
705.11708470402868442761
714.09022021495627541299
716.19305360975124585821
