711.69667781822386132262
710.76615462351173846400
712.53597460109426720010
713.62217804797433018393
713.76904144878335500835
711.85520820719398216170
714.04197160261719545815
711.27976305103766208049
711.42711594562751997728
723.39931845516025532561
714.00168900851701891952
699.87411858859627500351
711.83164805700835131574
710.12641468432127567212
705.70466249797618729644
711.04819043268128098134
711.15177347072540214867
709.64716023332630356890
709.70609007123505307391
718.03739532771010090073
713.18529092179278450203
711.98874122243455531134
721.77691579104271113465
710.04903429478622456372
716.32071859508573652420
711.63551901454457038199
710.94823992209364860173
709.22847956550856451940
702.78563641754055879574
712.76930654356249306147
