853.26472288213449246541
778.01527642154337627289
765.58192885178607411945
765.68569913238616209128
773.06653989316146180499
793.16122239868104770721
788.93121619855435255886
831.64067859025328743883
797.69384166597762941819
806.68270274529697871913
895.73492334828506500344
841.65044038412816007622
750.80935074371291193529
808.36084279549595521530
821.38997315338508542482
751.87062021543454193306
807.83291312233222924988
882.66770301765529893601
858.76371110849299839174
785.65023716120811059227
765.96667832995694880083
789.97670748940845442121
792.33108707522046643135
810.22316748312402978627
856.02797904222848046629
775.95436496775141677062
762.83539078887031337217
881.46467554630874019495
865.01785241232437329018
793.78036862290923636465
