DE/Rand/1/Bin   		      
[42347.1962357009, 29450.5011285191, 29924.4692839099, 13.8370936048, 0.0654941589, 0.5147472878, 3.7804606877, 3.8962571996, 4.9874715384, 0.9739114420, 1.7124837700, 2.1494984935, 0.6622492456, 1.7723118034, 2.3030694353, 0.6944887333, 0.0510842109]
J = 686.7466677279, R = 0.0000000000, J1 = 0.6439866677, J2 = 4276.0000000000

DE/Rand/1/Exp   		      
[39728.4912994161, 29756.7844661155, 29176.9867071284, 2.7909193233, 0.7645216761, 7.8851111426, 3.8823701262, 3.9451807890, 0.8962952802, 0.6461020750, 1.3862317601, 2.0176902460, 0.3992395720, 0.2642537135, 3.6552982962, 3.4154190677, 0.0787660824]
J = 674.1437780341, R = 0.0000000000, J1 = 0.6347637780, J2 = 3938.0000000000

DE/Best/1/Bin   		      
[38391.8696195863, 29391.7794762945, 25122.1562487728, 0.7914691832, 2.9714092828, 8.2618422044, 3.7352373863, 3.9199659813, 4.0872783352, 0.0555383324, 0.1861686609, 1.9374548972, 0.7341347332, 1.4817739517, 5.8603349647, 3.9737633867, 0.0468676534]
J = 661.6196294459, R = 0.0000000000, J1 = 0.6291996294, J2 = 3242.0000000000

DE/Best/1/Exp   		      
[29783.2027937526, 28784.1306760555, 29982.4193128922, 2.1682197009, 5.5374187688, 3.6829083400, 3.9570559491, 3.5709041883, 1.6137584573, 0.2188070312, 0.4949945639, 2.9714656871, 0.5573648480, 0.3330271298, 7.4383268093, 5.9948458996, 0.0646403333]
J = 668.7439273392, R = 0.0000000000, J1 = 0.6291139273, J2 = 3963.0000000000

DE/Current-to-Rand/1   		      
[38305.4291112688, 29133.9544066321, 21895.3059225535, 1.1587018470, 6.4244251987, 4.8294213443, 3.9666630284, 3.8744259336, 0.4906534744, 0.3953316618, 0.4257465456, 1.5690632616, 0.1869445724, 0.8534919603, 5.6614200931, 4.6949297350, 0.0221487146]
J = 684.7267892513, R = 0.0000000000, J1 = 0.6592667893, J2 = 2546.0000000000

DE/Current-to-Rand/1/Bin   		      
[42287.0198385087, 28929.4290443340, 28578.4617942318, 4.4182152218, 1.5453566629, 1.7264618115, 3.7152130486, 3.8066148526, 4.9350048867, 1.2826544999, 1.6655952116, 2.1487189171, 0.7373385426, 1.5102932883, 2.7227381361, 0.7538465920, 0.0634784190]
J = 687.6895204960, R = 0.0000000000, J1 = 0.6427895205, J2 = 4490.0000000000

DE/Current-to-Rand/1/Exp   		      
[28468.1465457852, 29678.8745308362, 29287.0655156835, 3.1229036325, 1.9481932189, 9.3017525314, 3.7828351119, 3.8638686893, 1.4391006236, 0.2041859920, 0.9303456960, 2.4533973776, 0.4059905402, 0.3500155634, 7.3070791817, 2.6471994043, 0.0738702899]
J = 678.4247514991, R = 0.0000000000, J1 = 0.6384747515, J2 = 3995.0000000000

DE/Current-to-Best/1   		      
[62448.0474253249, 28027.8319900835, 29663.8950416047, 11.3209793875, 17.2024461006, 6.0401629859, 3.7947572968, 3.6474861235, 0.4438022553, 0.3205195347, 0.6574434349, 1.9754556227, 0.2412731609, 0.5853600824, 6.8420415685, 4.9044239945, 0.0216459109]
J = 692.2805432810, R = 0.0000000000, J1 = 0.6596505433, J2 = 3263.0000000000

DE/Current-to-Best/1/Bin   		      
[27881.6673761128, 29307.2999056909, 26369.7582412040, 0.9728933589, 4.3325480340, 8.1987679335, 3.8470501561, 3.8935250856, 1.3376726755, 0.2035448527, 0.5861146280, 1.6170726442, 0.4052606367, 0.5209205628, 5.5607640911, 3.5421189898, 0.0694527562]
J = 668.1560674337, R = 0.0000000000, J1 = 0.6348860674, J2 = 3327.0000000000

DE/Current-to-Best/1/Exp   		      
[57862.4097710077, 29764.9995031238, 29650.1668543739, 2.6116718581, 1.6482851242, 2.8071086303, 3.5426062130, 3.9853514475, 2.6736334862, 0.1043240692, 0.4374756649, 2.1339267673, 0.6002113000, 1.1118801510, 4.1610523306, 2.2032512631, 0.0422914773]
J = 676.9626652245, R = 0.0000000000, J1 = 0.6475126652, J2 = 2945.0000000000

DE/Rand/2/Dir   		      
[29548.1244366608, 28263.9094330244, 17393.8746873668, 3.1565590307, 1.2354967613, 4.9026607028, 3.1566991919, 3.1737396543, 1.3754711518, 0.1770363446, 0.3377738533, 1.8160689716, 0.5903277041, 0.4205742902, 6.2271183652, 5.6627480912, 0.0857273438]
J = 677.2395262361, R = 0.0000000000, J1 = 0.6459195262, J2 = 3132.0000000000

DE/Rand/1/Either-or   		      
[56012.3242390288, 28886.8405459659, 29442.6249333391, 6.3889035273, 1.8178140872, 1.1985203333, 3.1122213697, 3.7825807099, 4.9897058351, 1.2587341222, 1.9222964964, 1.9056671051, 0.9183531216, 1.1385618196, 1.7054351982, 0.9326081154, 0.0877417315]
J = 690.8996227730, R = 0.0000000000, J1 = 0.6460496228, J2 = 4485.0000000000

GA   		      
[89575.2830484621, 27225.9859391058, 29929.5564480216, 18.9280326674, 12.8171569016, 2.0539721674, 3.3517862586, 3.8435984452, 4.0962360203, 1.7236778384, 0.9646699964, 0.6646386538, 0.9553747641, 1.6881270265, 1.7171268018, 0.9936935976, 0.1635412467]
J = 703.1153343352, R = 0.0000000000, J1 = 0.6555053343, J2 = 4761.0000000000

PSO   		      
[76003.8552850787, 19261.1986864320, 17324.7984656720, 28.3716004790, 7.3618299557, 4.5413048935, 2.0254627765, 2.8230943185, 4.5203948525, 1.1355879217, 1.5619810122, 1.5267406731, 0.6310142650, 0.9804597510, 2.9619330110, 1.1974301928, 0.1430555748]
J = 750.8093507437, R = 0.0000000000, J1 = 0.6922393507, J2 = 5857.0000000000

